0.000000000000000000e+00 -5.551114999999999755e-17 0.000000000000000000e+00 2.220445999999999902e-16 0.000000000000000000e+00 0.000000000000000000e+00 0.000000000000000000e+00 1.000000000000000000e+00
1.041283999999999960e-01 1.289128000000000062e-03 -1.821615999999999860e-02 1.310643000000000002e+00 -6.628702209195376288e-04 -1.047590825319012937e-04 4.518288688445636081e-04 9.999996727395856766e-01
2.082536000000000109e-01 4.448325999999999734e-04 -4.203318000000000332e-02 2.625299000000000049e+00 -9.300872675355465738e-04 -2.761446996322597098e-04 8.234311686708081258e-04 9.999991903211172817e-01
3.125037999999999982e-01 2.037581000000000114e-03 -6.302800999999999543e-02 3.941730000000000178e+00 -2.687194463182981832e-04 -3.651518682849685298e-04 1.706827942129238943e-03 9.999984405949585708e-01
4.166248000000000173e-01 2.777892000000000122e-03 -8.483760999999999386e-02 5.261016999999999832e+00 -4.076433574278283422e-04 -3.209597896163404133e-04 1.817808287884036238e-03 9.999982131907716454e-01
5.207547999999999622e-01 4.157927999999999971e-03 -1.014677999999999969e-01 6.581637999999999877e+00 -8.208986625468189758e-04 -2.565013866122601801e-04 1.962824766627359416e-03 9.999977038230435378e-01
6.250035999999999925e-01 7.571022000000000168e-03 -1.165873999999999938e-01 7.908775000000000333e+00 -1.347796606865460508e-03 -2.047845852995783180e-04 2.752315457442961952e-03 9.999952831224769856e-01
7.291284000000000098e-01 8.323818000000000189e-03 -1.328034999999999910e-01 9.238962000000000785e+00 -1.792290259642506482e-03 -2.941342710603206596e-04 2.592816506754831631e-03 9.999949892290552755e-01
8.332524000000000042e-01 7.728338999999999868e-03 -1.497649000000000064e-01 1.056963000000000008e+01 -9.345467561906052167e-04 -4.280724979670643294e-04 2.315842973101314619e-03 9.999967901186588293e-01
9.375056999999999974e-01 6.780918000000000362e-03 -1.634547000000000083e-01 1.190426000000000073e+01 3.916548307818310394e-04 -4.804248744034920701e-04 9.502161209708965325e-04 9.999993564436713278e-01
1.041630000000000056e+00 3.419394999999999987e-03 -1.767479999999999885e-01 1.324207999999999963e+01 8.627266361012634254e-04 -3.102677532029259489e-04 -7.720623178239653965e-04 9.999992816779671445e-01
1.145874999999999977e+00 -1.862181999999999987e-03 -1.959201999999999888e-01 1.458047999999999966e+01 7.900938295041930485e-04 -2.636749870389637289e-04 -1.981490084436560422e-03 9.999976899594757995e-01
1.250002999999999975e+00 -5.851755000000000151e-03 -2.177601999999999871e-01 1.593065999999999960e+01 4.369435695386992093e-04 -1.923385855467457889e-04 -2.594999793593218227e-03 9.999965190250696967e-01
1.354254999999999987e+00 -4.267715000000000050e-03 -2.364140000000000130e-01 1.728221999999999881e+01 -8.845523768631532438e-04 1.305995770287155411e-05 -1.496559068490993429e-03 9.999984888526010085e-01
1.458401000000000058e+00 4.827890000000000154e-04 -2.537475000000000147e-01 1.863468999999999909e+01 -1.999054691157580062e-03 1.271438390577912087e-04 4.494396395819050608e-04 9.999978928071779904e-01
1.562526000000000082e+00 5.006085999999999869e-03 -2.699100999999999861e-01 1.998669999999999902e+01 -9.157306609690585818e-04 -1.813017233223900186e-05 1.819341007863728692e-03 9.999979255513239407e-01
1.666754000000000069e+00 4.134686000000000264e-03 -2.931092000000000142e-01 2.134127000000000152e+01 2.766663527494574214e-04 -1.167264365441101937e-04 2.559607517191718907e-03 9.999966791144987432e-01
1.771006999999999998e+00 -7.654744999999999909e-04 -3.222297000000000078e-01 2.270574999999999832e+01 1.033704112763598028e-03 2.116583748083704960e-04 1.424608206885819841e-03 9.999984285727638866e-01
1.875129000000000046e+00 -7.369324000000000013e-03 -3.468119000000000063e-01 2.407209999999999894e+01 3.829925085992610359e-04 6.227399320946859149e-04 -7.100416945724932576e-05 9.999997302350253081e-01
1.979376999999999942e+00 -9.719264000000000028e-03 -3.687424000000000257e-01 2.544867999999999952e+01 -2.714333991400800627e-03 9.690707601515007085e-04 -7.229506900327956412e-04 9.999955853078276169e-01
2.083502000000000187e+00 -5.061180999999999666e-03 -3.871398999999999813e-01 2.682029999999999959e+01 -2.732037719648011415e-03 1.186051172079572629e-03 5.222076556897514189e-04 9.999954282653898963e-01
2.187758999999999787e+00 1.962273000000000055e-03 -4.099384999999999835e-01 2.819472000000000023e+01 -1.941348065434803701e-03 9.808420516509042553e-04 2.667615516895074403e-03 9.999940764544624772e-01
2.291881000000000057e+00 5.281593000000000225e-03 -4.328976999999999964e-01 2.957011999999999929e+01 -6.556503517021534293e-04 9.943958248405833367e-04 2.965978260534135689e-03 9.999948921232139076e-01
2.396132000000000151e+00 7.939023999999999387e-03 -4.591179000000000232e-01 3.094983999999999824e+01 4.914302526304403871e-04 1.196836403644005974e-03 3.089250293367367273e-03 9.999943912900484122e-01
2.500256999999999952e+00 6.827075999999999631e-03 -4.850132999999999805e-01 3.233530999999999977e+01 6.951310162844882802e-04 1.585645230044252204e-03 1.433237361974706251e-03 9.999974741731799677e-01
2.604382999999999893e+00 8.305167000000000452e-03 -5.122366999999999893e-01 3.371779999999999688e+01 1.751469299441675087e-03 1.783238391722837034e-03 9.614289514662498204e-04 9.999964140288213343e-01
2.708628000000000036e+00 1.017340000000000085e-02 -5.431160000000000432e-01 3.511082999999999998e+01 1.982452225098722647e-03 1.748200575862508170e-03 5.141921062998787428e-04 9.999963746356284044e-01
2.812756999999999952e+00 1.211940000000000066e-02 -5.746232999999999480e-01 3.650789000000000328e+01 8.304398683049126536e-04 1.704086046331474520e-03 4.795644391646165425e-04 9.999980882373326052e-01
2.916881000000000057e+00 1.511477999999999954e-02 -5.999006000000000061e-01 3.790588999999999942e+01 3.036809682597888682e-05 1.493070718812867072e-03 9.452380626954753494e-05 9.999988804408020959e-01
3.021005999999999858e+00 1.696850999999999915e-02 -6.238525999999999794e-01 3.930156000000000205e+01 1.876133172435100476e-04 1.481574064423120092e-03 -1.256992656643866630e-03 9.999980948526833169e-01
3.125255999999999812e+00 1.942949000000000065e-02 -6.437119999999999509e-01 4.070436999999999728e+01 2.767350787523929659e-04 1.551410672953333928e-03 -2.525357717689156577e-03 9.999955695456947957e-01
3.229379000000000222e+00 1.916344000000000034e-02 -6.707246000000000041e-01 4.211099999999999710e+01 1.956541962498977149e-05 1.555605701729138174e-03 -3.601823592488654583e-03 9.999923032578315052e-01
3.333502000000000187e+00 2.134430999999999828e-02 -6.941319999999999713e-01 4.351858000000000004e+01 -1.201750149901158183e-04 1.421324941103502054e-03 -4.154366816904613013e-03 9.999903532683346308e-01
3.437628999999999824e+00 2.622363999999999945e-02 -7.178581000000000545e-01 4.492820999999999998e+01 8.714868744472507314e-05 1.206454586985258176e-03 -3.629779948677169452e-03 9.999926807581943633e-01
3.541754000000000069e+00 3.086035999999999987e-02 -7.390250000000000430e-01 4.634127000000000152e+01 4.009702298498269476e-04 8.617593206273703845e-04 -3.212792040469693907e-03 9.999943872647748533e-01
3.645880000000000010e+00 3.408031000000000255e-02 -7.610314999999999719e-01 4.775704000000000349e+01 3.188650081339789274e-05 3.809035784670646496e-04 -2.900085107821892636e-03 9.999957216918893277e-01
3.750007000000000090e+00 3.359220999999999735e-02 -7.839855999999999492e-01 4.917963000000000306e+01 -3.959616683229373688e-04 -1.217882086316799051e-04 -3.005248625059281538e-03 9.999953984207585744e-01
3.854131000000000196e+00 3.175531999999999661e-02 -8.056349999999999900e-01 5.060217999999999705e+01 -5.242300929120286435e-04 -6.536550722391748763e-04 -3.324132026782341577e-03 9.999941240147989241e-01
3.958276000000000128e+00 2.895794999999999966e-02 -8.265407999999999644e-01 5.202830999999999761e+01 -3.328820912615745799e-04 -1.240852852696201162e-03 -3.318734086801204079e-03 9.999936677188371315e-01
4.062382999999999633e+00 2.536976999999999982e-02 -8.453836000000000128e-01 5.345716000000000179e+01 -9.708862710107170292e-04 -1.797504320055159574e-03 -3.439670823406806854e-03 9.999919974793273214e-01
4.166506000000000043e+00 2.082938000000000150e-02 -8.668316000000000354e-01 5.488463999999999743e+01 -1.454524285063369402e-03 -2.197712137174908254e-03 -2.745369326659368066e-03 9.999927586576448091e-01
4.270633000000000123e+00 1.680869999999999934e-02 -8.868800000000000017e-01 5.631660000000000110e+01 -1.411498176917710696e-03 -2.517124614636857393e-03 -1.998017034070203625e-03 9.999938398232779413e-01
4.374755999999999645e+00 1.322910000000000058e-02 -9.072441999999999451e-01 5.774549999999999983e+01 -1.196008085971424131e-03 -2.828260088354438758e-03 -8.563101479559469655e-04 9.999949186083206820e-01
4.478883999999999865e+00 1.007535000000000028e-02 -9.249469000000000163e-01 5.917365000000000208e+01 -1.416684248752990731e-03 -2.865659148429591102e-03 -1.834110191408614993e-04 9.999948736687513939e-01
4.583131999999999984e+00 6.524254999999999638e-03 -9.446035000000000403e-01 6.060318000000000183e+01 -1.737149900609379722e-03 -2.649673817847599065e-03 4.228503852258410321e-04 9.999948913551675034e-01
4.687259000000000064e+00 2.764210000000000018e-03 -9.647483999999999504e-01 6.202794999999999703e+01 -2.053400187319873518e-03 -2.457060635007930413e-03 9.344459475373225864e-04 9.999944365902631027e-01
4.791383999999999865e+00 -1.308242999999999949e-03 -9.878099999999999659e-01 6.345197999999999894e+01 -1.838834054703350051e-03 -2.240913992973530416e-03 1.900406961331966172e-03 9.999939927055443434e-01
4.895504999999999995e+00 -2.873604000000000089e-03 -1.008175000000000043e+00 6.487187000000000126e+01 -1.415775743961701031e-03 -2.000358965819033080e-03 2.650947745650094906e-03 9.999934832883166091e-01
4.999629999999999797e+00 -5.953934000000000136e-03 -1.029700000000000060e+00 6.628940000000000055e+01 -1.130247428327555955e-03 -1.676854441461909538e-03 2.612141788704373628e-03 9.999945436927187847e-01
5.103758000000000017e+00 -1.002030999999999929e-02 -1.050202999999999998e+00 6.770310999999999524e+01 -1.160276230849355272e-03 -1.274549286959076114e-03 1.742715243357677041e-03 9.999969961088702730e-01
5.207868999999999637e+00 -1.936440000000000036e-02 -1.076074999999999893e+00 6.911593000000000586e+01 -1.825555382222620497e-03 -1.033793302712081611e-03 3.259560548010443661e-04 9.999977461832620929e-01
5.311997999999999998e+00 -2.702275000000000163e-02 -1.097831000000000001e+00 7.053000000000000114e+01 -2.479488125749626168e-03 -6.477198595211770479e-04 -1.504833401698069464e-03 9.999955840272753971e-01
5.416244999999999976e+00 -3.513441999999999954e-02 -1.118230999999999975e+00 7.193977999999999895e+01 -2.754526864028696009e-03 -2.735437836000559429e-04 -3.329244522296962491e-03 9.999906268993046243e-01
5.520243999999999929e+00 -4.214650000000000341e-02 -1.135987000000000080e+00 7.333986000000000161e+01 -2.556753438781195990e-03 5.368619074248894967e-05 -5.575977568033030525e-03 9.999811841248852362e-01
5.624505000000000088e+00 -4.677589000000000052e-02 -1.153310999999999975e+00 7.474245000000000516e+01 -2.313495814596969354e-03 4.087253212669574010e-04 -7.109601718757628183e-03 9.999719667291319114e-01
5.728633000000000308e+00 -5.327678000000000275e-02 -1.177226000000000106e+00 7.614449999999999363e+01 -2.178505755457807273e-03 7.546752622804873750e-04 -8.184930912098728126e-03 9.999638450883540086e-01
5.832639000000000351e+00 -5.458510999999999919e-02 -1.197942000000000062e+00 7.754079000000000121e+01 -2.243938375538811428e-03 9.231726946275689962e-04 -8.321215319676012953e-03 9.999624342285796663e-01
5.936757000000000062e+00 -5.287324999999999664e-02 -1.218034999999999979e+00 7.893496000000000379e+01 -2.325590179581325714e-03 1.002372443727293696e-03 -7.703545769804103285e-03 9.999671205906589533e-01
6.040888999999999953e+00 -4.954250000000000320e-02 -1.236655000000000060e+00 8.032545000000000357e+01 -1.849233958400639272e-03 9.665441169056707528e-04 -7.120133866051027612e-03 9.999724745311578955e-01
6.145012000000000363e+00 -4.883211999999999969e-02 -1.258286999999999933e+00 8.171094999999999686e+01 -1.785982803776899833e-03 8.265786437077190857e-04 -6.746579068184189142e-03 9.999753050471034133e-01
6.249010000000000176e+00 -4.838806999999999831e-02 -1.278675999999999924e+00 8.309721000000000402e+01 -1.921457542420755343e-03 7.112435236266961142e-04 -6.768616581041914104e-03 9.999749936689127372e-01
6.353134999999999977e+00 -5.269072999999999812e-02 -1.300030999999999937e+00 8.448367000000000360e+01 -1.661843502949135768e-03 4.434072453764888676e-04 -6.540937256769639545e-03 9.999771286414450566e-01
6.457259999999999778e+00 -6.072004000000000290e-02 -1.320244999999999891e+00 8.586562000000000694e+01 -1.841190738436116652e-03 8.115697501760314779e-05 -6.717705811951911986e-03 9.999757376350857374e-01
6.561385999999999719e+00 -7.518041999999999780e-02 -1.343695000000000084e+00 8.725015000000000498e+01 -2.196160256306385790e-03 -3.870668268166469785e-04 -6.526350483768942647e-03 9.999762166215568904e-01
6.665511000000000408e+00 -8.437619999999999842e-02 -1.362981999999999916e+00 8.862909000000000503e+01 -2.724135898680132405e-03 -9.538872285739659037e-04 -5.462824455588800865e-03 9.999809131837108511e-01
6.769636000000000209e+00 -9.813228999999999702e-02 -1.382640000000000091e+00 9.000633999999999446e+01 -3.081304341798743809e-03 -1.556876754503891229e-03 -4.390637352418454847e-03 9.999844018793313527e-01
6.873636000000000301e+00 -1.110474999999999934e-01 -1.399780999999999942e+00 9.137524000000000513e+01 -3.164763118315297788e-03 -1.866588583781013735e-03 -3.395765459090284259e-03 9.999874843708850269e-01
6.977758999999999823e+00 -1.283351000000000075e-01 -1.418058999999999958e+00 9.274128000000000327e+01 -2.826078460118432601e-03 -2.102179916449579879e-03 -2.748962636461661779e-03 9.999900186124656143e-01
7.081884999999999764e+00 -1.454602999999999868e-01 -1.435964000000000018e+00 9.410339000000000453e+01 -2.567232482687039664e-03 -2.239746280799252698e-03 -2.135375955968274713e-03 9.999919164790803672e-01
7.186012999999999984e+00 -1.697047999999999890e-01 -1.456190000000000095e+00 9.546075999999999340e+01 -2.375661518107852459e-03 -2.308260364288139931e-03 -2.465265073557149859e-03 9.999914752809444529e-01
7.290010999999999797e+00 -1.913409000000000082e-01 -1.476212999999999997e+00 9.681382000000000687e+01 -2.029916011123628593e-03 -2.248521799203478423e-03 -2.364741056205300895e-03 9.999926157679580596e-01
7.394135000000000346e+00 -2.120314000000000088e-01 -1.496477999999999975e+00 9.816545000000000698e+01 -1.691906809165007099e-03 -2.127760513754804999e-03 -2.727435925255139275e-03 9.999925855624223203e-01
7.498255999999999588e+00 -2.344055999999999917e-01 -1.517682999999999893e+00 9.951512999999999920e+01 -1.755612969290333905e-03 -1.944685451758071957e-03 -3.527040315522781896e-03 9.999903479575229515e-01
7.602386000000000088e+00 -2.485715000000000008e-01 -1.534999000000000002e+00 1.008602999999999952e+02 -2.443245622287965220e-03 -1.822812098733870081e-03 -3.760220727129306301e-03 9.999882842548534212e-01
7.706382999999999761e+00 -2.694020999999999777e-01 -1.556017999999999901e+00 1.022053999999999974e+02 -3.222173179376596960e-03 -1.743391876718064417e-03 -4.411361063942785023e-03 9.999835589040102501e-01
7.810510999999999981e+00 -2.867601000000000178e-01 -1.575247000000000064e+00 1.035459000000000032e+02 -2.567891625710759778e-03 -1.717316230947552730e-03 -4.146773005528607385e-03 9.999866304262282624e-01
7.914632000000000112e+00 -3.053255999999999748e-01 -1.596046000000000076e+00 1.048845000000000027e+02 -1.246721869621021791e-03 -1.674212871950505948e-03 -4.084891812976007910e-03 9.999894781220025619e-01
8.018762999999999863e+00 -3.153954999999999953e-01 -1.613299000000000039e+00 1.062207999999999970e+02 -6.587571337714374442e-04 -1.696206911777498353e-03 -3.815554175859088657e-03 9.999910651938255235e-01
8.122759999999999536e+00 -3.343086000000000113e-01 -1.638432000000000111e+00 1.075652999999999935e+02 -1.312952831301133876e-03 -1.623144914483987209e-03 -2.750349681715488336e-03 9.999940385482692928e-01
8.226883000000000834e+00 -3.508130999999999888e-01 -1.661275000000000057e+00 1.089064000000000050e+02 -2.370338926514126750e-03 -1.316664466332425525e-03 -1.567939490108552231e-03 9.999950947148751323e-01
8.331011000000000166e+00 -3.737761000000000000e-01 -1.686738999999999988e+00 1.102446000000000055e+02 -2.702605935528739831e-03 -8.568669720755221460e-04 -7.784201144721335317e-04 9.999956778717967731e-01
8.435138000000000247e+00 -3.943149000000000237e-01 -1.710102000000000011e+00 1.115765999999999991e+02 -1.980069480999750980e-03 -5.007625550704880276e-04 -3.370916479630510281e-04 9.999978574631721573e-01
8.539282000000000039e+00 -4.137128999999999945e-01 -1.733997000000000011e+00 1.129050000000000011e+02 -7.781999299181230085e-04 -1.678815721458370698e-04 -1.290471029508154883e-03 9.999988504519240484e-01
8.643387000000000597e+00 -4.219683000000000184e-01 -1.753986000000000045e+00 1.142286000000000001e+02 3.219389460888483429e-04 3.748718752853886929e-04 -2.266220560433646752e-03 9.999973100317637309e-01
8.747509000000000867e+00 -4.295899000000000245e-01 -1.775004000000000026e+00 1.155601000000000056e+02 4.336162151606719434e-04 1.082290481376566938e-03 -3.784659402149019927e-03 9.999921584580055978e-01
8.851634999999999920e+00 -4.334779000000000271e-01 -1.794229999999999992e+00 1.168930000000000007e+02 -6.541363339972374596e-04 1.795550414838297752e-03 -4.499591040675979779e-03 9.999880508210239327e-01
8.955762999999999252e+00 -4.334150999999999976e-01 -1.811793999999999905e+00 1.182274000000000029e+02 -1.874171742652901628e-03 2.325174065042237385e-03 -4.544369567504035444e-03 9.999852147662385837e-01
9.059886000000000550e+00 -4.306136999999999881e-01 -1.825846999999999998e+00 1.195613000000000028e+02 -2.223373581010081469e-03 2.715815177085434753e-03 -4.045036033970241668e-03 9.999856592178343329e-01
9.164011999999999603e+00 -4.334145999999999832e-01 -1.846322000000000019e+00 1.209044999999999987e+02 -1.848391810459846163e-03 3.226574050898400794e-03 -4.299614964968062267e-03 9.999838428588543326e-01
9.268134999999999124e+00 -4.472932000000000019e-01 -1.880929000000000073e+00 1.222683999999999997e+02 -1.611804424538154515e-03 3.846357140037674500e-03 -5.181469677398907112e-03 9.999778797529622620e-01
9.372258999999999673e+00 -4.560743999999999909e-01 -1.910029999999999895e+00 1.236242000000000019e+02 -1.426057280873342919e-03 4.416155649639294349e-03 -6.196603308051716261e-03 9.999700325696528891e-01
9.476392000000000593e+00 -4.622549000000000241e-01 -1.940325000000000077e+00 1.249835000000000065e+02 -8.909598858286342732e-04 4.975873974227798709e-03 -6.573300868242568790e-03 9.999656187011478625e-01
9.580512999999999835e+00 -4.641329000000000149e-01 -1.966294999999999904e+00 1.263371000000000066e+02 -6.092573356959913883e-04 5.521357452492955606e-03 -7.119660040950570069e-03 9.999592260978853453e-01
9.684639999999999915e+00 -4.708494999999999764e-01 -2.006025999999999865e+00 1.276924999999999955e+02 -4.738967250440252158e-04 5.975836567317564449e-03 -6.700508453826866696e-03 9.999595831760775821e-01
9.788783999999999708e+00 -4.718093999999999899e-01 -2.038342999999999794e+00 1.290495999999999981e+02 -8.658057972046733506e-04 6.359662868351038945e-03 -6.438048587710045595e-03 9.999586774456756810e-01
9.892887999999999238e+00 -4.742799999999999794e-01 -2.073189000000000171e+00 1.304070000000000107e+02 -1.623817982195995381e-03 6.779315112273949853e-03 -5.956047895570078937e-03 9.999579639141012999e-01
9.997009999999999508e+00 -4.701254000000000266e-01 -2.099489000000000161e+00 1.317556999999999903e+02 -1.655630353352917188e-03 6.939357542112068941e-03 -5.457560351340662481e-03 9.999596588063176528e-01
1.010113999999999912e+01 -4.656936999999999882e-01 -2.127702000000000204e+00 1.331097000000000037e+02 -1.843293914188977745e-03 6.928385840932343304e-03 -4.419200905732187899e-03 9.999645345713717992e-01
1.020526000000000089e+01 -4.651027999999999829e-01 -2.162932000000000077e+00 1.344613999999999976e+02 -2.101361057627838206e-03 6.766848349076274617e-03 -3.585719668877812745e-03 9.999684678326520304e-01
1.030939000000000050e+01 -4.661197000000000257e-01 -2.198388000000000009e+00 1.358146000000000129e+02 -1.915220435573336544e-03 6.497247523841022041e-03 -2.830827258637503945e-03 9.999730516980588346e-01
1.041338999999999970e+01 -4.644952999999999999e-01 -2.226309000000000093e+00 1.371605999999999881e+02 -1.873314148049805544e-03 5.870985916817941450e-03 -2.035362836167699946e-03 9.999789395365247247e-01
1.051750999999999969e+01 -4.645722999999999936e-01 -2.254853999999999914e+00 1.385124000000000137e+02 -2.375752648265854264e-03 5.335933694841995742e-03 -1.408565948176651638e-03 9.999819496135557984e-01
1.062163999999999930e+01 -4.641807000000000016e-01 -2.281749000000000027e+00 1.398625999999999863e+02 -2.529316589116183123e-03 4.826779184513227405e-03 -6.262474327357685742e-04 9.999849561740660198e-01
1.072575999999999929e+01 -4.674418000000000184e-01 -2.314865999999999868e+00 1.412128999999999905e+02 -2.483852909058639931e-03 4.177016089217612006e-03 -2.530707207229395414e-04 9.999881594131641016e-01
1.082989000000000068e+01 -4.704574000000000256e-01 -2.341886000000000134e+00 1.425621999999999900e+02 -2.252955494186935359e-03 3.550827146594027605e-03 -1.226382567881272750e-04 9.999911503498287724e-01
1.093402000000000029e+01 -4.747020000000000128e-01 -2.367455000000000087e+00 1.439098999999999933e+02 -2.002929294537598385e-03 3.030710795405022490e-03 6.702147151062743844e-05 9.999933992654341797e-01
1.103814000000000028e+01 -4.789012999999999742e-01 -2.395023999999999820e+00 1.452578000000000031e+02 -1.114027762957778408e-03 2.538423970102587392e-03 8.842994955680916203e-04 9.999957666711859483e-01
1.114226999999999990e+01 -4.813925000000000010e-01 -2.426593000000000000e+00 1.466011000000000024e+02 -3.890827900544450014e-04 1.975138618241752044e-03 3.648570763594009489e-03 9.999913176490107247e-01
1.124638999999999989e+01 -4.844149999999999845e-01 -2.462969000000000186e+00 1.479538000000000011e+02 -1.794212415036482069e-03 1.414100779133629525e-03 7.045495775091142887e-03 9.999725706788556989e-01
1.135051999999999950e+01 -4.832843000000000000e-01 -2.489365999999999968e+00 1.493029999999999973e+02 -2.264638580675330977e-03 6.847370774821127807e-04 1.086452193212828106e-02 9.999381804443809862e-01
1.145463999999999949e+01 -4.887986000000000275e-01 -2.518616999999999884e+00 1.506480999999999995e+02 -1.055768885660996696e-03 7.985225940107027907e-05 1.252564208883300695e-02 9.999209905117198982e-01
1.155878000000000050e+01 -4.979854000000000225e-01 -2.545627999999999780e+00 1.519917000000000087e+02 9.446700352431217822e-04 1.785130988906732279e-04 1.256742823898405505e-02 9.999205645845353763e-01
1.166301999999999950e+01 -5.139896999999999938e-01 -2.581792000000000087e+00 1.533372999999999990e+02 1.829202489164618575e-03 6.047000999390917319e-04 1.079550165203479843e-02 9.999398709423098497e-01
1.176716000000000051e+01 -5.203404999999999836e-01 -2.611885000000000012e+00 1.546843000000000075e+02 1.825609827965459387e-03 9.815511947608988094e-04 1.066835728318429703e-02 9.999409431855893482e-01
1.187125999999999948e+01 -5.188374000000000041e-01 -2.641449000000000158e+00 1.560329000000000121e+02 2.554410115657525563e-04 1.301666609147481956e-03 1.203090637035100254e-02 9.999267461698562176e-01
1.197539000000000087e+01 -5.104870000000000241e-01 -2.666163000000000061e+00 1.573829000000000065e+02 -1.365403093015257882e-03 1.561223053214547823e-03 1.475559307763001093e-02 9.998889792021405931e-01
1.207963999999999949e+01 -4.996047000000000127e-01 -2.689150000000000151e+00 1.587318999999999960e+02 -1.721067290600474409e-03 1.564555887483261385e-03 1.683323603464592297e-02 9.998556057035726807e-01
1.218377000000000088e+01 -4.908893999999999758e-01 -2.711383000000000099e+00 1.600785999999999945e+02 -1.905426568111952008e-03 1.537433557480418107e-03 1.773112349715243521e-02 9.998397936205477565e-01
1.228789000000000087e+01 -4.848759000000000263e-01 -2.736779999999999990e+00 1.614290000000000020e+02 -2.091651713491001451e-03 1.946705920510173691e-03 1.695399117154721552e-02 9.998521878320434375e-01
1.239202000000000048e+01 -4.836516000000000148e-01 -2.760603999999999836e+00 1.627787999999999897e+02 -1.916851803570714108e-03 2.550872169474025127e-03 1.498539138619239298e-02 9.998826214988143501e-01
1.249625999999999948e+01 -4.767802999999999902e-01 -2.787253999999999898e+00 1.641295000000000073e+02 -7.195675622453292369e-04 3.005991313112587899e-03 1.327080477542633488e-02 9.999071616802042151e-01
1.260039000000000087e+01 -4.687839999999999785e-01 -2.810667000000000026e+00 1.654807000000000130e+02 -2.987814703056660727e-04 3.378911145355512416e-03 1.185142779696035480e-02 9.999240157873384716e-01
1.270452000000000048e+01 -4.599264000000000130e-01 -2.835557999999999801e+00 1.668389999999999986e+02 -9.726779756120289061e-04 3.583497296774790664e-03 1.084771822628138871e-02 9.999342675666051949e-01
1.280864000000000047e+01 -4.494839999999999947e-01 -2.861985999999999919e+00 1.681999999999999886e+02 -8.779352658647611310e-04 3.468695617647556302e-03 1.002847106479359471e-02 9.999433119674753234e-01
1.291278999999999932e+01 -4.424437999999999982e-01 -2.886559999999999793e+00 1.695602000000000089e+02 3.263348080958947887e-04 3.214395691722028714e-03 9.067965206983866558e-03 9.999536655130250029e-01
1.301689000000000007e+01 -4.389717000000000202e-01 -2.914239999999999942e+00 1.709198000000000093e+02 1.776912270865194923e-03 2.953629306238527309e-03 7.322820000795231786e-03 9.999672469455876955e-01
1.312114000000000047e+01 -4.111542999999999726e-01 -2.932730999999999977e+00 1.722840999999999951e+02 2.424331127132014607e-03 2.858363966991047615e-03 4.873669349965452195e-03 9.999810996819321618e-01
1.322527000000000008e+01 -3.881120000000000125e-01 -2.960770999999999820e+00 1.736528000000000134e+02 1.998054680777430498e-03 3.013382815850208785e-03 2.577619633633893362e-03 9.999901415406663441e-01
1.332939000000000007e+01 -3.779300999999999910e-01 -2.986448000000000214e+00 1.750290999999999997e+02 7.559003494431921523e-04 3.282944203208685435e-03 9.165413101058787933e-04 9.999939054034515662e-01
1.343351999999999968e+01 -3.588781999999999806e-01 -3.008538999999999852e+00 1.764086000000000070e+02 -2.325993452402401777e-04 3.348201954094816041e-03 7.380306055877508238e-04 9.999940953585899628e-01
1.353763999999999967e+01 -3.405308000000000224e-01 -3.013913000000000064e+00 1.777852000000000032e+02 -9.020544123185083359e-04 2.956720836640003292e-03 2.167145196823954800e-03 9.999928737653216437e-01
1.364176999999999929e+01 -3.214041999999999732e-01 -3.022952999999999779e+00 1.791606999999999914e+02 -8.286520362803668745e-04 2.118859488295129004e-03 3.444673575912539105e-03 9.999914789608094212e-01
1.374591000000000030e+01 -3.136545000000000027e-01 -3.041122999999999799e+00 1.805420000000000016e+02 1.222935521154475992e-03 1.080611164518770336e-03 3.655999817014545916e-03 9.999919851546614780e-01
1.385002000000000066e+01 -3.089994999999999825e-01 -3.062100000000000044e+00 1.819214000000000055e+02 3.475003467965143578e-03 3.272777140417881033e-04 3.125750737185308947e-03 9.999890234010195833e-01
1.395415000000000028e+01 -3.140564000000000133e-01 -3.088157999999999959e+00 1.833097999999999956e+02 3.934415207601221938e-03 3.522959626243665310e-05 7.361496739476648893e-04 9.999919885776623607e-01
1.405840000000000067e+01 -3.186557999999999891e-01 -3.114466000000000179e+00 1.847039000000000044e+02 3.238206100520912758e-03 -2.072911950975650272e-05 -1.296690704523293736e-03 9.999939160738786637e-01
1.416252000000000066e+01 -3.141304999999999792e-01 -3.137554999999999872e+00 1.860994000000000028e+02 1.702540435685532790e-03 1.203765028059613097e-04 -2.151569924875786511e-03 9.999962287990993293e-01
1.426664000000000065e+01 -3.087276999999999938e-01 -3.164477999999999902e+00 1.874987999999999886e+02 6.149178958050724626e-04 3.272103984428100833e-04 -2.545321881611900365e-03 9.999965180668660691e-01
1.437077000000000027e+01 -3.089327000000000045e-01 -3.193944999999999812e+00 1.889002999999999872e+02 2.077796033370827450e-04 3.670061614407621963e-04 -2.224290760541575325e-03 9.999974373290796414e-01
1.447489000000000026e+01 -3.070210999999999912e-01 -3.221858000000000111e+00 1.903048000000000002e+02 -1.822148942955958701e-04 3.375057702039544220e-04 -1.477068528114434129e-03 9.999988355773974380e-01
1.457901000000000025e+01 -3.030042000000000013e-01 -3.250529999999999919e+00 1.917127999999999872e+02 -4.002577302062317976e-04 3.315780207691825594e-04 -1.834954551296884577e-04 9.999998480895802011e-01
1.468313999999999986e+01 -3.007558000000000176e-01 -3.281162000000000134e+00 1.931212999999999909e+02 -4.045390929012829500e-04 5.202297200504357082e-04 1.148183539539287699e-03 9.999991236914762549e-01
1.478729000000000049e+01 -2.979338000000000264e-01 -3.314134999999999831e+00 1.945397000000000105e+02 -8.845539094594369583e-04 6.871220664884708420e-04 2.646564893874405605e-03 9.999958705524286673e-01
1.489138999999999946e+01 -2.945301000000000169e-01 -3.344374999999999876e+00 1.959592000000000098e+02 -1.785975219851623427e-03 8.941683227790924978e-04 4.682767702862138288e-03 9.999870411371164503e-01
1.499552000000000085e+01 -2.955048000000000119e-01 -3.384557000000000038e+00 1.973808999999999969e+02 -1.802236539785264909e-03 1.010237093699762776e-03 6.400760050433304364e-03 9.999773805618032974e-01
1.509964000000000084e+01 -2.998637000000000108e-01 -3.419364999999999988e+00 1.988010999999999910e+02 3.081208524661869391e-04 1.115009468476574946e-03 5.472165716890063994e-03 9.999843584865677482e-01
1.520378999999999969e+01 -3.150033999999999890e-01 -3.471363000000000198e+00 2.002241999999999962e+02 3.113364436991753522e-03 1.346029539895811323e-03 2.206589081012508020e-03 9.999918130319808141e-01
1.530802000000000085e+01 -3.321987000000000134e-01 -3.515079000000000065e+00 2.016572999999999922e+02 3.363154705407224963e-03 1.941804096281537963e-03 -2.462335386494123122e-03 9.999894276899751189e-01
1.541214000000000084e+01 -3.485808000000000240e-01 -3.555575999999999848e+00 2.030947999999999922e+02 1.246145965692196716e-03 2.659844739291312814e-03 -6.592502030264195748e-03 9.999739552924244990e-01
1.551627000000000045e+01 -3.518432000000000226e-01 -3.580327000000000037e+00 2.045324999999999989e+02 4.702333890606572080e-05 3.045056577544162646e-03 -7.330833431952624851e-03 9.999684916538310597e-01
1.562039000000000044e+01 -3.481358999999999981e-01 -3.604083000000000148e+00 2.059704000000000121e+02 7.007755905797927230e-05 2.778762461014051312e-03 -6.313097462585026860e-03 9.999762089013662925e-01
1.572452000000000005e+01 -3.438313000000000064e-01 -3.628674000000000177e+00 2.074182999999999879e+02 4.565371692922125555e-05 2.195383695183434659e-03 -4.767632512995989384e-03 9.999862238483036014e-01
1.582864000000000004e+01 -3.421980000000000022e-01 -3.650885999999999854e+00 2.088678999999999917e+02 8.382223073659105948e-05 1.632986533149723054e-03 -3.528244604185723412e-03 9.999924388808296705e-01
1.593265000000000065e+01 -3.429637999999999853e-01 -3.674360000000000070e+00 2.103232000000000141e+02 5.223886594729441760e-04 1.375132925280647721e-03 -3.709915078550052141e-03 9.999920362931080664e-01
1.603677000000000064e+01 -3.479510000000000103e-01 -3.708944999999999936e+00 2.117848999999999933e+02 4.531545910711972953e-04 1.321956780096637243e-03 -4.432433137367452862e-03 9.999892002505184063e-01
1.614089999999999847e+01 -3.533161000000000218e-01 -3.741769000000000123e+00 2.132452999999999861e+02 -3.677864299680808660e-05 1.262079872672051744e-03 -5.058151167490069003e-03 9.999864103619076072e-01
1.624502000000000024e+01 -3.575808999999999793e-01 -3.778064999999999785e+00 2.147142000000000053e+02 3.124355126282187499e-05 1.143980963362371817e-03 -4.764119919144754918e-03 9.999879966743560056e-01
1.634913999999999845e+01 -3.574839000000000211e-01 -3.809987000000000013e+00 2.161863999999999919e+02 7.320398605213605239e-04 9.443932075643816666e-04 -4.554109420306571426e-03 9.999889161018236106e-01
1.645326999999999984e+01 -3.559811999999999976e-01 -3.837086999999999914e+00 2.176614999999999895e+02 7.801458303394092015e-04 8.471062016359930894e-04 -4.178986453987086624e-03 9.999906048837582384e-01
1.655739000000000161e+01 -3.604881999999999809e-01 -3.867618999999999918e+00 2.191418999999999926e+02 6.078652479150419789e-04 6.230163858825557262e-04 -4.355119237681253329e-03 9.999901375947909399e-01
1.666151999999999944e+01 -3.669046999999999725e-01 -3.899694000000000216e+00 2.206192000000000064e+02 8.813641321185641765e-04 4.508182061447394274e-04 -4.371464663380163554e-03 9.999899550780040336e-01
1.676565000000000083e+01 -3.711882000000000237e-01 -3.933170000000000055e+00 2.221052999999999997e+02 1.016741943273257289e-03 3.513334683630944073e-04 -4.396790921579763270e-03 9.999897554626280272e-01
1.686965000000000003e+01 -3.755067999999999739e-01 -3.961695999999999884e+00 2.235894000000000119e+02 9.874408283240645231e-04 1.789038513938989358e-04 -4.946237557781256108e-03 9.999872637629164673e-01
1.697376999999999825e+01 -3.771502999999999939e-01 -3.990502999999999911e+00 2.250789000000000044e+02 1.190014601682381741e-03 7.203996108208479205e-06 -4.767685168613836240e-03 9.999879264228561659e-01
1.707789000000000001e+01 -3.787707000000000157e-01 -4.017066999999999943e+00 2.265690999999999917e+02 1.133098785644321435e-03 -1.245410981804660755e-04 -5.019266559530960285e-03 9.999867536821984704e-01
1.718203000000000102e+01 -3.785265999999999909e-01 -4.048136000000000401e+00 2.280602000000000089e+02 1.064629401008535068e-03 -1.777062874247363781e-04 -4.547542533404054337e-03 9.999890773611582739e-01
1.728613999999999962e+01 -3.786613999999999813e-01 -4.075078000000000422e+00 2.295510999999999910e+02 1.382897946781072715e-03 -1.234227419027349778e-04 -3.920366037737700766e-03 9.999913515077145654e-01
1.739027000000000100e+01 -3.766086000000000156e-01 -4.099044000000000132e+00 2.310454000000000008e+02 1.207601900209096923e-03 -4.045271719685366175e-05 -3.354542519767154084e-03 9.999936435326530759e-01
1.749439999999999884e+01 -3.745701000000000169e-01 -4.124994000000000050e+00 2.325421000000000049e+02 8.330125238556080345e-04 5.855538701929252003e-05 -2.560121767577392543e-03 9.999963742123955113e-01
1.759842000000000084e+01 -3.739625999999999784e-01 -4.153623999999999761e+00 2.340378000000000043e+02 6.156457829737253026e-04 5.396852646099659177e-05 -2.480892129319150173e-03 9.999967316156140873e-01
1.770251999999999981e+01 -3.764692000000000038e-01 -4.186333000000000304e+00 2.355389999999999873e+02 6.948626499315969061e-04 1.196533788207160182e-05 -2.668989570734926851e-03 9.999961967514675587e-01
1.780664000000000158e+01 -3.784077000000000135e-01 -4.220226000000000255e+00 2.370446000000000026e+02 1.312294358968297452e-03 1.221280126378422365e-04 -3.013949792286388981e-03 9.999945895228202764e-01
1.791065000000000040e+01 -3.814943000000000084e-01 -4.253314999999999735e+00 2.385499000000000080e+02 9.151767997021675177e-04 3.873569668872562906e-04 -3.650052245195416906e-03 9.999928447367079087e-01
1.801476999999999862e+01 -3.829064999999999830e-01 -4.285388000000000197e+00 2.400603000000000122e+02 -2.973425001888768356e-04 7.096916081388017191e-04 -3.807768268869294453e-03 9.999924543845665204e-01
1.811890000000000001e+01 -3.820923999999999987e-01 -4.315102999999999689e+00 2.415712000000000046e+02 -4.898144900564580699e-04 9.656887847961313212e-04 -3.673091660340719895e-03 9.999926679354158576e-01
1.822302000000000177e+01 -3.818796999999999886e-01 -4.347138000000000169e+00 2.430872999999999990e+02 3.068067852339247743e-04 1.203292588683292771e-03 -3.797847108027990661e-03 9.999920171250799017e-01
1.832702000000000098e+01 -3.796393000000000129e-01 -4.377646000000000370e+00 2.446020000000000039e+02 9.892046453016621870e-04 1.478952163070901792e-03 -3.781066169132845343e-03 9.999912688185299547e-01
1.843114999999999881e+01 -3.770780000000000243e-01 -4.404696000000000389e+00 2.461230999999999938e+02 7.615695256296121278e-04 1.633507689959604178e-03 -4.295915082651307650e-03 9.999891483301645012e-01
1.853536000000000072e+01 -3.721572000000000213e-01 -4.432021999999999906e+00 2.476476999999999862e+02 2.917026342837252808e-04 1.664617476630705353e-03 -4.050397438044380134e-03 9.999903690730345129e-01
1.863942000000000121e+01 -3.683885000000000076e-01 -4.458218999999999710e+00 2.491682000000000130e+02 -7.818237137850611801e-05 1.510976616391631559e-03 -4.089973660252812712e-03 9.999904914311135151e-01
1.874348000000000170e+01 -3.658944000000000085e-01 -4.487063000000000024e+00 2.506964000000000112e+02 -2.432359686001760700e-04 1.398038290454853847e-03 -4.253295526992679348e-03 9.999899478506585337e-01
1.884753999999999863e+01 -3.629857000000000222e-01 -4.511300999999999561e+00 2.522240999999999929e+02 -2.911157265019957089e-04 1.418333588511280427e-03 -4.986214606028912914e-03 9.999865205318355654e-01
1.895165000000000077e+01 -3.598898999999999848e-01 -4.535745000000000360e+00 2.537570000000000050e+02 -3.064991668644601367e-04 1.520480117060245880e-03 -5.476158794321545238e-03 9.999838028104925947e-01
1.905564999999999998e+01 -3.565283000000000202e-01 -4.558441000000000187e+00 2.552884999999999991e+02 -3.187927394371225143e-04 1.464151561790466268e-03 -5.776355480867626478e-03 9.999821940158494238e-01
1.915964999999999918e+01 -3.518993999999999733e-01 -4.584939999999999571e+00 2.568229999999999791e+02 -4.776560672044864644e-04 1.469889826390368076e-03 -4.987222311077954551e-03 9.999863693482025084e-01
1.926377000000000095e+01 -3.474488000000000021e-01 -4.611577999999999733e+00 2.583611999999999966e+02 -9.291134724988975042e-04 1.420889109108194534e-03 -4.238281850523538744e-03 9.999895773403091326e-01
1.936786999999999992e+01 -3.407994999999999775e-01 -4.637603999999999616e+00 2.599003000000000156e+02 -1.436945949810987475e-03 1.451756048924982131e-03 -2.826617933089826343e-03 9.999939188923963052e-01
1.947177999999999898e+01 -3.346776000000000195e-01 -4.662237000000000187e+00 2.614352000000000089e+02 -1.046978919219377973e-03 1.292831998077119144e-03 -2.057028238673081107e-03 9.999965005215734060e-01
1.957590000000000074e+01 -3.291337999999999764e-01 -4.686550999999999689e+00 2.629730999999999881e+02 -3.399565766519614066e-04 1.153257023076149912e-03 -1.444130275463752569e-03 9.999982344561975101e-01
1.967990999999999957e+01 -3.253737999999999908e-01 -4.715745000000000076e+00 2.645113000000000056e+02 -1.242717904257978128e-03 1.441250240875476072e-03 -4.695745941946231927e-04 9.999980789729816522e-01
1.978402000000000172e+01 -3.249045999999999879e-01 -4.748173000000000421e+00 2.660572000000000230e+02 -2.505664388618436371e-03 1.664733244897102218e-03 5.753596064785202819e-05 9.999954734891595143e-01
1.988806999999999903e+01 -3.208178999999999892e-01 -4.788371999999999851e+00 2.675980999999999881e+02 -2.002454121103900211e-03 1.731775456073326525e-03 1.029588925918645259e-03 9.999959655308149342e-01
1.999212999999999951e+01 -3.173943000000000181e-01 -4.824678999999999718e+00 2.691376999999999953e+02 -1.233505942172884173e-03 1.877235756372252909e-03 1.452034748797878787e-03 9.999964230156495049e-01
2.009615000000000151e+01 -3.166024000000000060e-01 -4.866051999999999822e+00 2.706770999999999958e+02 -1.193112270672479951e-03 2.199157844181721683e-03 9.663951997936950358e-04 9.999964031276333820e-01
2.020015000000000072e+01 -3.155942999999999943e-01 -4.906588000000000171e+00 2.722185000000000059e+02 -1.384854567690896061e-03 2.740231883253149529e-03 2.292724914818585304e-04 9.999952603593565970e-01
2.030426999999999893e+01 -3.140400999999999887e-01 -4.950218999999999703e+00 2.737649000000000115e+02 -1.177593928243726240e-03 3.219390533972758296e-03 -6.202615316709757893e-04 9.999939320179708213e-01
2.040827000000000169e+01 -3.112308999999999770e-01 -4.987625999999999671e+00 2.753072000000000230e+02 -1.135360096714060994e-03 3.699970018973518411e-03 -1.216505524010028615e-03 9.999917706129483053e-01
2.051230999999999938e+01 -3.114205999999999919e-01 -5.039836000000000205e+00 2.768534999999999968e+02 -9.560646772894424794e-04 4.095090674935466038e-03 -1.595295846107560797e-03 9.999898855507793893e-01
2.061639999999999873e+01 -3.062025999999999915e-01 -5.082754999999999690e+00 2.783951999999999884e+02 -6.546743560983991949e-04 4.513704704482498706e-03 -1.773097496262809880e-03 9.999880269266211430e-01
2.072042000000000073e+01 -3.011291999999999858e-01 -5.134135999999999811e+00 2.799451000000000249e+02 -4.244493079912777466e-04 4.967137910699287624e-03 -1.503291919584518908e-03 9.999864436566956449e-01
2.082451999999999970e+01 -2.897536000000000000e-01 -5.172037999999999691e+00 2.814957999999999743e+02 -5.052287197754322173e-04 5.386742505299839216e-03 -1.208781329493203906e-03 9.999846331803405874e-01
2.092868999999999957e+01 -2.764899000000000107e-01 -5.210036999999999807e+00 2.830498000000000047e+02 -1.160058062910654603e-03 5.760013460770241865e-03 -7.520026886888741451e-04 9.999824553471821087e-01
2.103277999999999892e+01 -2.599233000000000238e-01 -5.241690000000000182e+00 2.846005000000000109e+02 -1.367882869906452597e-03 5.932254902261313925e-03 -4.309036073289713520e-05 9.999814675239981909e-01
2.113678000000000168e+01 -2.447295999999999916e-01 -5.277598000000000233e+00 2.861453999999999951e+02 -1.886372964584202480e-04 5.963561418533607980e-03 2.880329500018972131e-04 9.999821585349402131e-01
2.124088000000000065e+01 -2.301583000000000101e-01 -5.316244000000000192e+00 2.876999000000000137e+02 1.096288325714544478e-03 5.785461874633903920e-03 7.525032918453693383e-04 9.999823800055678280e-01
2.134491999999999834e+01 -2.170805000000000096e-01 -5.355147999999999797e+00 2.892536000000000058e+02 1.246436830610070379e-03 5.364082004272539839e-03 5.926015742699597107e-04 9.999846608037812334e-01
2.144889999999999830e+01 -2.045250999999999875e-01 -5.390475000000000350e+00 2.908102999999999838e+02 9.104984359690766315e-04 5.009484724285481229e-03 1.396274746708620800e-03 9.999860631389954069e-01
2.155290000000000106e+01 -1.926926999999999945e-01 -5.424877999999999645e+00 2.923691999999999780e+02 1.216073838652080314e-03 4.502351367112019526e-03 1.346384895734063910e-03 9.999882185527481093e-01
2.165701999999999927e+01 -1.828270999999999924e-01 -5.462577999999999712e+00 2.939316000000000031e+02 1.350674272978198698e-03 4.222024358126654636e-03 1.211732561570645541e-03 9.999894408910157129e-01
2.176101999999999848e+01 -1.753107000000000137e-01 -5.502144000000000368e+00 2.955006999999999948e+02 1.096387408716247361e-03 3.867510603843151481e-03 1.190994472011415754e-03 9.999912108756487950e-01
2.186503000000000085e+01 -1.681708000000000092e-01 -5.542653999999999748e+00 2.970722999999999843e+02 9.425572203757831688e-04 3.442297915890521823e-03 1.413061187222126869e-03 9.999926326873743720e-01
2.196914999999999907e+01 -1.571664000000000116e-01 -5.573209000000000302e+00 2.986501999999999839e+02 5.535665488740616714e-04 2.924746286815676447e-03 1.735048081251850619e-03 9.999940644980794824e-01
2.207317000000000107e+01 -1.498300999999999938e-01 -5.605661999999999701e+00 3.002366999999999848e+02 -2.305801166388861086e-04 2.645972276397023665e-03 9.417677605350907805e-04 9.999960293606207085e-01
2.217715000000000103e+01 -1.436566999999999983e-01 -5.638055999999999734e+00 3.018211000000000013e+02 -5.177679755376282493e-04 2.961941398658055839e-03 6.775372464570636076e-04 9.999952498700952486e-01
2.228115000000000023e+01 -1.362308000000000130e-01 -5.674044999999999561e+00 3.034130000000000109e+02 -2.537911690092738170e-04 3.447553903696065798e-03 3.899952284240257023e-04 9.999939489146147942e-01
2.238526999999999845e+01 -1.245795999999999987e-01 -5.704926999999999637e+00 3.050095000000000027e+02 -2.720254828264012613e-05 3.638248053108058926e-03 1.032993918165267403e-03 9.999928476417664358e-01
2.248927000000000120e+01 -1.113075000000000037e-01 -5.740562999999999860e+00 3.066086000000000240e+02 4.109934732523277479e-04 3.725787288333665907e-03 1.893701656917761312e-03 9.999911817048592333e-01
2.259328000000000003e+01 -1.009904999999999969e-01 -5.775938000000000017e+00 3.082115999999999758e+02 1.380626002269703554e-03 3.875422471767460929e-03 2.719722274278696048e-03 9.999878389676830626e-01
2.269742000000000104e+01 -9.649989999999999957e-02 -5.821106000000000336e+00 3.098188999999999851e+02 1.873900028485926683e-03 3.876453712276533951e-03 2.850965028331550223e-03 9.999866667129655440e-01
2.280140000000000100e+01 -9.324941000000000479e-02 -5.863045999999999758e+00 3.114331000000000245e+02 2.328160592111999747e-03 2.816219704622437234e-03 2.580129901440366812e-03 9.999899957022192476e-01
2.290540000000000020e+01 -9.658434000000000463e-02 -5.907765999999999629e+00 3.130445000000000277e+02 2.119690584243122226e-03 1.743863725510710113e-03 2.114367493570374918e-03 9.999939976326039925e-01
2.300939999999999941e+01 -1.065230000000000066e-01 -5.952028999999999570e+00 3.146682000000000130e+02 5.417353874682156100e-04 1.541394685535929640e-03 1.243221856860319110e-03 9.999978925100834193e-01
2.311348999999999876e+01 -1.079810999999999965e-01 -5.990687999999999569e+00 3.162952999999999975e+02 -1.099988292050716170e-03 1.794040486116632842e-03 1.856514520113425066e-03 9.999960623914116997e-01
2.321742000000000061e+01 -1.086696000000000051e-01 -6.032426000000000066e+00 3.179241000000000099e+02 -1.521414810177736110e-03 1.898756169643410138e-03 2.380672280807125292e-03 9.999942061939536275e-01
2.332140000000000057e+01 -1.058419000000000026e-01 -6.068361999999999590e+00 3.195525000000000091e+02 -8.643087743075809903e-04 2.038882031324187709e-03 3.095669516257951431e-03 9.999927563540904618e-01
2.342539999999999978e+01 -1.039698000000000011e-01 -6.106844999999999857e+00 3.211822999999999979e+02 -8.818373355144949917e-04 2.209170376586641095e-03 3.480513727715146138e-03 9.999911139371948643e-01
2.352955000000000041e+01 -1.009179000000000048e-01 -6.143404000000000309e+00 3.228138999999999896e+02 -1.091279437807726391e-03 2.308396436966807675e-03 3.418102406655091664e-03 9.999908984540890611e-01
2.363354999999999961e+01 -9.883113000000000314e-02 -6.185281999999999947e+00 3.244397000000000162e+02 -9.901232484850217095e-04 2.552842793521199315e-03 3.485584005320278844e-03 9.999901766286337645e-01
2.373752999999999957e+01 -9.648437999999999459e-02 -6.224088000000000065e+00 3.260681999999999903e+02 -6.898177439952682920e-04 2.793207426273777369e-03 2.764024616712583687e-03 9.999920411241641771e-01
2.384166000000000096e+01 -9.411052000000000306e-02 -6.268818999999999697e+00 3.276976000000000226e+02 -3.110847617041965617e-04 3.128172798007299374e-03 2.369002088270987568e-03 9.999922527651515791e-01
2.394565000000000055e+01 -8.496955999999999953e-02 -6.305428000000000033e+00 3.293242000000000189e+02 -1.207544663557908772e-03 3.551596667514627520e-03 2.929351226578498762e-03 9.999886733850482656e-01
2.404964999999999975e+01 -7.442717999999999556e-02 -6.342113000000000334e+00 3.309508000000000152e+02 -1.762481558654363425e-03 3.618030463679592062e-03 3.377059338335148923e-03 9.999861993970441398e-01
2.415367000000000175e+01 -6.421230999999999467e-02 -6.372244000000000241e+00 3.325693999999999733e+02 -1.030725931869444587e-03 3.465463970665693880e-03 3.990755466195572074e-03 9.999855009120532934e-01
2.425778000000000034e+01 -5.844894999999999952e-02 -6.413496999999999559e+00 3.341893000000000029e+02 -1.083525113222697173e-03 3.471297629644719100e-03 3.588195488838463818e-03 9.999869503744684973e-01
2.436177999999999955e+01 -5.434960999999999959e-02 -6.450779999999999959e+00 3.358023999999999774e+02 -4.084558180248238279e-04 3.417665272241508269e-03 2.392342282875447017e-03 9.999912146745758568e-01
2.446577999999999875e+01 -4.949748000000000342e-02 -6.492550999999999739e+00 3.374096999999999866e+02 1.747335309575697576e-03 3.051543153157288378e-03 1.791325640058566340e-03 9.999922129977570906e-01
2.456978000000000151e+01 -4.548042000000000057e-02 -6.532187999999999661e+00 3.390210999999999899e+02 1.181212976416532107e-03 2.615890632659015509e-03 1.000186381638423034e-03 9.999953807289833074e-01
2.467389999999999972e+01 -4.257007000000000152e-02 -6.571397000000000155e+00 3.406286999999999807e+02 -5.322985053182531208e-04 2.181536615238397099e-03 7.299915654288266281e-04 9.999972123304203819e-01
2.477789999999999893e+01 -3.930295999999999790e-02 -6.601810999999999652e+00 3.422461999999999875e+02 -2.156575235756671548e-03 1.650016074153345383e-03 1.377741649998889004e-04 9.999963038174126684e-01
2.488203000000000031e+01 -3.681003000000000053e-02 -6.628917999999999644e+00 3.438528000000000020e+02 -1.528133340196676264e-03 1.045691513748841931e-03 -1.047189801141892401e-04 9.999982801843650959e-01
2.498601999999999990e+01 -3.514658999999999839e-02 -6.652782000000000195e+00 3.454524999999999864e+02 -5.087148150610126688e-04 1.359412660751301277e-04 2.219862054819199436e-04 9.999998367256535126e-01
2.509017000000000053e+01 -3.454789999999999944e-02 -6.677643999999999913e+00 3.470554000000000201e+02 -1.291406819479109071e-03 -8.119728602221699693e-04 7.208787637397156677e-04 9.999985766501414686e-01
2.519415000000000049e+01 -3.707175000000000054e-02 -6.708152000000000115e+00 3.486551000000000045e+02 -1.725044377766751487e-03 -1.310103850481170911e-03 1.533568656752480434e-03 9.999964780022833066e-01
2.529827999999999832e+01 -4.156332000000000082e-02 -6.737238999999999756e+00 3.502531999999999925e+02 -1.247658430101635961e-03 -1.526673654381472062e-03 1.672904117668935807e-03 9.999966569983164133e-01
2.540240000000000009e+01 -5.261017999999999945e-02 -6.773058999999999941e+00 3.518478000000000065e+02 -7.976714115605273167e-04 -1.635240237947936789e-03 2.004447102086505395e-03 9.999963359440364741e-01
2.550653000000000148e+01 -6.277075000000000016e-02 -6.805862000000000300e+00 3.534463999999999828e+02 -8.263096374037236670e-04 -1.645466706816815089e-03 2.037041450269416656e-03 9.999962300498087542e-01
2.561054000000000030e+01 -7.506606000000000389e-02 -6.843563999999999758e+00 3.550378999999999792e+02 -7.390351362056428756e-04 -1.629976317874021587e-03 2.284176394205764560e-03 9.999957897623720227e-01
2.571464999999999890e+01 -8.570355999999999808e-02 -6.882551999999999559e+00 3.566308000000000220e+02 -4.382668775878446063e-04 -1.645664463151808379e-03 2.608648631376522548e-03 9.999951473196941887e-01
2.581865000000000165e+01 -9.729988999999999999e-02 -6.921763000000000332e+00 3.582217999999999734e+02 -1.077342771591442092e-04 -1.708719992607091826e-03 2.701066749979869237e-03 9.999948864407880444e-01
2.592277999999999949e+01 -1.091014000000000012e-01 -6.958714999999999762e+00 3.598125000000000000e+02 -2.863580552311039903e-04 -1.672053891700441518e-03 2.949148398677704525e-03 9.999942123625364943e-01
2.602697999999999823e+01 -1.223014000000000046e-01 -6.995935000000000237e+00 3.614037000000000148e+02 2.152900994005781620e-04 -1.635483553126975938e-03 2.734034017208789285e-03 9.999949019378616688e-01
2.613090000000000046e+01 -1.322205999999999937e-01 -7.034017000000000408e+00 3.629889999999999759e+02 8.263126430637665696e-04 -1.602595841775139671e-03 3.494198191578256740e-03 9.999922697066121469e-01
2.623505000000000109e+01 -1.419951999999999881e-01 -7.072716999999999921e+00 3.645867000000000075e+02 8.511596726742880572e-05 -1.542456058975722735e-03 4.171844052761867865e-03 9.999901046019294970e-01
2.633915000000000006e+01 -1.552998999999999907e-01 -7.112397999999999776e+00 3.661838000000000193e+02 -4.920984269740223856e-04 -1.605401299074482200e-03 5.004454679107721640e-03 9.999860678825340798e-01
2.644329000000000107e+01 -1.668614999999999959e-01 -7.146884000000000015e+00 3.677810999999999808e+02 -1.429506736873502955e-04 -1.580821709570348708e-03 5.279112672828184527e-03 9.999848056531736029e-01
2.654779999999999873e+01 -1.858911000000000036e-01 -7.188290000000000290e+00 3.693865999999999872e+02 2.950820247867737126e-04 -1.394448999712707754e-03 4.721895558999491919e-03 9.999878359964765595e-01
2.665140999999999849e+01 -2.029185000000000016e-01 -7.225081000000000309e+00 3.709753000000000043e+02 -3.316114401337082272e-04 -1.152511056112079336e-03 3.717883680067553438e-03 9.999923695174179894e-01
2.675793000000000177e+01 -2.229981000000000047e-01 -7.268839999999999968e+00 3.726154000000000224e+02 -4.797812428840940013e-04 -9.013061534002473046e-04 3.050506521954647176e-03 9.999948259201828504e-01
2.686258000000000123e+01 -2.378134000000000081e-01 -7.306808000000000192e+00 3.742253000000000043e+02 -3.543727576119313485e-04 -7.166544078758429635e-04 2.849484290663444486e-03 9.999956206232533118e-01
2.696366000000000085e+01 -2.519893000000000272e-01 -7.344935999999999687e+00 3.757810999999999808e+02 4.429396156432277175e-05 -6.001164427264972121e-04 2.939702496733864311e-03 9.999954980136316340e-01
2.706782000000000110e+01 -2.625877999999999823e-01 -7.379336000000000340e+00 3.773872999999999820e+02 1.670954796636009649e-04 -4.594133191289119771e-04 2.858910565880374340e-03 9.999957938155935588e-01
2.717192000000000007e+01 -2.704012000000000082e-01 -7.414418000000000397e+00 3.789929000000000201e+02 1.941062036343222286e-04 -3.469821381885004300e-04 2.667857223706825674e-03 9.999963622253886797e-01
2.727606000000000108e+01 -2.783585000000000087e-01 -7.448411000000000115e+00 3.806071000000000026e+02 1.348947742226852705e-04 -1.909611195356092112e-04 2.091631623091433530e-03 9.999977852047492455e-01
2.738014000000000081e+01 -2.877925000000000066e-01 -7.485057000000000293e+00 3.822201999999999771e+02 -2.259778184830109489e-04 -2.810315754275949639e-05 1.445689574396141113e-03 9.999989290623729765e-01
2.748470000000000013e+01 -2.960865999999999776e-01 -7.522078999999999738e+00 3.838408000000000015e+02 8.139082908479240198e-05 1.056553123346170496e-04 8.692613109431787275e-04 9.999996132985560227e-01
2.758840999999999966e+01 -3.039651999999999910e-01 -7.558709000000000344e+00 3.854511999999999716e+02 3.739416307168487333e-04 2.404848476298992229e-04 4.372817187933702868e-04 9.999998055596780455e-01
2.769253000000000142e+01 -3.110173999999999994e-01 -7.596747999999999834e+00 3.870677999999999770e+02 3.262807098425487000e-04 4.036686404914187841e-04 6.410785708242364340e-05 9.999998632413455990e-01
2.779654000000000025e+01 -3.164538000000000073e-01 -7.631598000000000326e+00 3.886856999999999971e+02 -1.332792436387260110e-04 5.303851660641639102e-04 -5.583424357536844124e-04 9.999996945909248591e-01
2.790067000000000164e+01 -3.206582000000000043e-01 -7.664429000000000158e+00 3.903059000000000083e+02 -4.920893647107358118e-04 7.256467333205725984e-04 -1.120977405244928107e-03 9.999989873467534096e-01
2.800523000000000096e+01 -3.238002999999999854e-01 -7.696195000000000341e+00 3.919359000000000037e+02 -1.585640855693472436e-04 9.195500970185373994e-04 -1.451831431828751141e-03 9.999985107341627932e-01
2.810894000000000048e+01 -3.237896000000000107e-01 -7.731690999999999647e+00 3.935579000000000178e+02 -2.307596320122128595e-04 1.045534989050430187e-03 -1.462969937709635796e-03 9.999983566614195629e-01
